mv  log_rh  detection_frac
-6  1.8  0.27
-6  2   0.1
-6  2.2  0
-6  2.4  0
-6  2.6  0
-6  2.8  0
-6.5  1.8  0.64
-6.5  2   0.35
-6.5  2.2  0
-6.5  2.4  0
-6.5  2.6  0
-6.5  2.8  0
-7  1.8  0.73
-7  2   0.78
-7  2.2  0.23
-7  2.4  0.05
-7  2.6  0
-7  2.8  0
-7.5  1.8  0.92
-7.5  2   0.90
-7.5  2.2  0.59
-7.5  2.4  0.26
-7.5  2.6  0
-7.5  2.8  0
-8  1.8  0.78
-8  2   0.98
-8  2.2  0.74
-8  2.4  0.5
-8  2.6  0.1
-8  2.8  0
-8.5  1.8  0.76
-8.5  2   0.95
-8.5  2.2  0.92
-8.5  2.4  0.84
-8.5  2.6  0.18
-8.5  2.8  0.03
